-5.6099
-5.6062
-5.60303
-5.60036
-5.59819
-5.59648
-5.59523
-5.59439
-5.59394
-5.59385
-5.59408
-5.59458
-5.5953
-5.5962
-5.59722
-5.59829
-5.59933
-5.60028
-5.60104
-5.60151
-5.6016
-5.60119
-5.60015
-5.59835
-5.59563
-5.59185
-5.58682
-5.58037
-5.5723
-5.56241
-5.55047
-5.53625
-5.51952
-5.50002
-5.47749
-5.45169
-5.42234
-5.38917
-5.35192
-5.31032
-5.26414
-5.21311
-5.15703
-5.09566
-5.02884
-4.9564
-4.8782
-4.79413
-4.70413
-4.60817
-4.50623
-4.39836
-4.28463
-4.16515
-4.04006
-3.90954
-3.7738
-3.63308
-3.48763
-3.33774
-3.1837
-3.02584
-2.86448
-2.69996
-2.5326
-2.36276
-2.19076
-2.01695
-1.84165
-1.66519
-1.48786
-1.30998
-1.13183
-0.953687
-0.775814
-0.59846
-0.421863
-0.246244
-0.0718139
0.10123
0.272704
0.442436
0.610264
0.776039
0.939621
1.10088
1.2597
1.41596
1.56957
1.72042
1.86844
2.01353
2.15562
2.29464
2.43053
2.56323
2.69267
2.81881
2.9416
3.061
3.17696
3.28944
3.39841
3.50383
3.60567
3.7039
3.79849
3.88942
3.97666
4.06017
4.13995
4.21597
4.2882
4.35663
4.42123
4.48199
4.53889
4.59191
4.64103
4.68625
4.72753
4.76488
4.79827
4.82769
4.85313
4.87459
4.89204
4.90549
4.91492
4.92034
4.92173
4.9191
4.91244
4.90178
4.8871
4.86842
4.84576
4.81914
4.78857
4.75409
4.71573
4.67354
4.62755
4.57784
4.52446
4.4675
4.40703
4.34316
4.27601
4.20568
4.13234
4.05614
3.97725
3.89588
3.81225
3.7266
3.63919
3.55032
3.46032
3.36951
3.27829
3.18706
3.09624
3.0063
2.91772
2.83101
2.74671
2.66535
2.58749
2.51371
2.44456
2.38059
2.32235
2.27033
2.22502
2.18684
2.15617
2.13331
2.1185
2.11192
2.11363
2.12365
2.1419
2.16822
2.20236
2.24403
2.29285
2.3484
2.4102
2.47775
2.55051
2.62793
2.70944
2.79448
2.88248
2.9729
3.0652
3.15887
3.25342
3.34838
3.44333
3.53785
3.63156
3.72412
3.81519
3.90449
3.99173
4.07669
4.15912
4.23884
4.31565
4.38941
4.45995
4.52716
4.59092
4.65113
4.70769
4.76054
4.80961
4.85483
4.89615
4.93354
4.96696
4.99637
5.02176
5.0431
5.06038
5.07359
5.08272
5.08777
5.08872
5.08559
5.07838
5.06708
5.05172
5.03228
5.00879
4.98126
4.94969
4.91409
4.87449
4.83089
4.78331
4.73176
4.67626
4.61683
4.55349
4.48625
4.41512
4.34014
4.26131
4.17867
4.09222
4.002
3.90802
3.81031
3.7089
3.6038
3.49506
3.38269
3.26674
3.14722
3.02418
2.89766
2.76769
2.63431
2.49758
2.35755
2.21426
2.06777
1.91815
1.76546
1.60978
1.45119
1.28976
1.1256
0.958809
0.789487
0.617755
0.443742
0.267585
0.0894342
-0.0905508
-0.272196
-0.455316
-0.639709
-0.82516
-1.01144
-1.1983
-1.38549
-1.57272
-1.75971
-1.94614
-2.1317
-2.31603
-2.4988
-2.67965
-2.85819
-3.03405
-3.20685
-3.37619
-3.5417
-3.70299
-3.85969
-4.01145
-4.15793
-4.29881
-4.43381
-4.56267
-4.68516
-4.80111
-4.91038
-5.01286
-5.1085
-5.19729
-5.27928
-5.35454
-5.42318
-5.48538
-5.54133
-5.59124
-5.63538
-5.67402
-5.70746
-5.73601
-5.75998
-5.77969
-5.79548
-5.80767
-5.81657
-5.82249
-5.82574
-5.82661
-5.82536
-5.82227
-5.81758
-5.81152
-5.8043
-5.79613
-5.78718
-5.77763
-5.76763
-5.75731
-5.74681
-5.73623
-5.72568
-5.71524
-5.705
-5.69502
-5.68536
-5.67607
-5.66719
-5.65877
-5.65082
-5.64337
-5.63645
-5.63005
-5.6242
-5.61889
-5.61412
