-4.91244
-4.90894
-4.90398
-4.89787
-4.89115
-4.88455
-4.87895
-4.87539
-4.87508
-4.87932
-4.88952
-4.9072
-4.93393
-4.97136
-5.02116
-5.08507
-5.16486
-5.26231
-5.37926
-5.51757
-5.67917
-5.86603
-6.08019
-6.32381
-6.59912
-6.90856
-7.25472
-7.64045
-8.06888
-8.54353
-9.06842
-9.64815
-10.2881
-10.9948
-11.7759
-12.641
-13.6024
-14.6757
-15.8818
-17.2498
-18.8213
-20.6602
-22.8719
-25.6502
-29.4193
-35.4632
-56.7224
-38.1275
-32.1948
-29.1175
-27.1887
-25.905
-25.0511
-24.517
-24.2419
-24.1916
-24.3486
-24.7079
-25.2753
-26.0681
-27.1174
-28.4729
-30.2068
-32.4021
-35.0155
-37.1582
-36.6619
-34.1674
-31.6583
-29.6116
-27.9915
-26.7105
-25.6992
-24.9091
-24.3068
-23.8697
-23.5827
-23.4367
-23.4271
-23.5538
-23.8208
-24.2372
-24.8183
-25.588
-26.5832
-27.8627
-29.5251
-31.7521
-34.9352
-40.1976
-53.4479
-42.9156
-36.4152
-32.8501
-30.4784
-28.7815
-27.5396
-26.6433
-26.0355
-25.6889
-25.5976
-25.7748
-26.2574
-27.117
-28.4886
-30.6442
-34.1991
-40.123
-37.8904
-31.2891
-26.9568
-23.8159
-21.3558
-19.3397
-17.642
-16.1888
-14.9339
-13.8468
-12.9072
-12.1017
-11.4219
-10.8632
-10.425
-10.1101
-9.92501
-9.88149
-9.99769
-10.3015
-10.8364
-11.6724
-12.9315
-14.8511
-17.9941
-24.3649
-33.6585
-19.3394
-13.569
-9.77468
-6.8837
-4.51852
-2.50166
-0.735303
0.840374
2.26468
3.56488
4.76072
5.86696
6.89497
7.8537
8.75033
9.59071
10.3797
11.1214
11.8192
12.4762
13.0948
13.6773
14.2256
14.7415
15.2265
15.6819
16.109
16.5089
16.8824
17.2306
17.5543
17.854
18.1305
18.3844
18.6162
18.8263
19.0152
19.1833
19.3309
19.4582
19.5655
19.653
19.7209
19.7693
19.7982
19.8079
19.7981
19.7691
19.7206
19.6526
19.565
19.4576
19.3302
19.1825
19.0144
18.8254
18.6152
18.3834
18.1295
17.8529
17.5532
17.2296
16.8814
16.5079
16.1082
15.6812
15.2259
14.7412
14.2255
13.6775
13.0953
12.4771
11.8207
11.1234
10.3824
9.5941
8.75457
7.85892
6.90131
5.87458
4.76981
3.57567
2.27743
0.855419
-0.717547
-2.48065
-4.49349
-6.85354
-9.73757
-13.5218
-19.2779
-34.0596
-24.5282
-18.0307
-14.8569
-12.9215
-11.6511
-10.8054
-10.2614
-9.9483
-9.82232
-9.85524
-10.0285
-10.3302
-10.7533
-11.2943
-11.9535
-12.7344
-13.6442
-14.6945
-15.903
-17.2961
-18.9132
-20.8164
-23.1091
-25.981
-29.8379
-35.7945
-45.7363
-37.8556
-32.7836
-30.0464
-28.384
-27.3593
-26.7785
-26.5451
-26.6109
-26.9578
-27.5916
-28.5436
-29.8806
-31.7307
-34.3462
-38.2462
-43.6821
-42.0358
-36.6815
-33.0542
-30.5072
-28.6093
-27.1451
-25.9965
-25.0935
-24.3917
-23.8626
-23.4871
-23.2533
-23.1544
-23.188
-23.3558
-23.6638
-24.1231
-24.7515
-25.5764
-26.6401
-28.0108
-29.8056
-32.2492
-35.8616
-42.4042
-56.1775
-40.1708
-34.8133
-31.6411
-29.4573
-27.8601
-26.6676
-25.7851
-25.1601
-24.7645
-24.5868
-24.6291
-24.9081
-25.4592
-26.3473
-27.6915
-29.7306
-33.0373
-39.6291
-46.2835
-34.2587
-28.8474
-25.3002
-22.6341
-20.4901
-18.6965
-17.1575
-15.8141
-14.6272
-13.5694
-12.6209
-11.7666
-10.9948
-10.2962
-9.66332
-9.08984
-8.57048
-8.10074
-7.67668
-7.29482
-6.95207
-6.64561
-6.37285
-6.13139
-5.91898
-5.73348
-5.57284
-5.43509
-5.31829
-5.22058
-5.14012
-5.07511
-5.02379
-4.98442
-4.95532
-4.93486
-4.92147
-4.91366
-4.91004
-4.90932
-4.91036
-4.91213
-4.9138
-4.91469
-4.91433
-4.91244
