-5.98638
-6.09121
-6.41506
-6.97804
-7.81745
-8.9923
-10.5829
-12.64
-14.8266
-15.3876
-13.1315
-10.095
-7.40735
-5.17041
-3.30287
-1.72487
-0.377774
0.779797
1.77732
2.6362
3.37238
3.99799
4.52251
4.95355
5.29744
5.55965
5.74512
5.85857
5.90473
5.88861
5.81567
5.6921
5.52495
5.3223
5.09338
4.84848
4.59887
4.35637
4.13286
3.93952
3.78603
3.6797
3.62485
3.62237
3.66973
3.76121
3.88853
4.04159
4.20924
4.38009
4.54309
4.68799
4.80569
4.88839
4.92967
4.92455
4.86949
4.76246
4.60301
4.39251
4.13437
3.8345
3.50169
3.14811
2.7895
2.44491
2.13557
1.88271
1.70443
1.61248
1.61015
1.69222
1.84697
2.05934
2.3139
2.597
2.8977
3.20797
3.52225
3.8369
4.14961
4.45889
4.76369
5.06316
5.35648
5.64279
5.92118
6.19071
6.45041
6.69936
6.93666
7.16151
7.37319
7.57107
7.75467
7.92363
8.07776
8.2171
8.34196
8.45304
8.5515
8.63912
8.71838
8.79259
8.8659
8.94324
9.0301
9.13214
9.25459
9.40154
9.57528
9.77571
10.0001
10.2434
10.4984
10.757
11.0103
11.2501
11.4689
11.6609
11.8215
11.9482
12.0404
12.0994
12.1288
12.1339
12.1222
12.1032
12.0882
12.0897
12.1218
12.1991
12.3362
12.5472
12.8437
13.2333
13.7178
14.2918
14.9425
15.6516
16.3975
17.1578
17.9112
18.6391
19.3256
19.9577
20.5245
21.0168
21.4266
21.7463
21.9682
22.0837
22.0827
21.9526
21.6769
21.233
20.5891
19.6984
18.4885
16.8411
14.5545
11.316
7.48314
8.3723
12.8364
16.4389
19.15
21.2696
22.9824
24.3976
25.5829
26.5826
27.4271
28.1379
28.7306
29.2165
29.6043
29.9001
30.1084
30.2323
30.2734
30.2324
30.1086
29.9003
29.6045
29.2168
28.7309
28.1384
27.4277
26.5832
25.5837
24.3986
22.9837
21.2713
19.1524
16.4429
12.8439
8.38759
7.49333
11.3158
14.5519
16.8378
18.4848
19.6944
20.5848
21.2283
21.6717
21.947
22.0766
22.077
21.9609
21.7383
21.4178
21.0072
20.514
19.9463
19.3134
18.626
17.8972
17.1431
16.3823
15.6361
14.9268
14.276
13.7021
13.2176
12.8279
12.5312
12.3198
12.1822
12.1046
12.0724
12.071
12.0867
12.1068
12.1201
12.1171
12.0905
12.0346
11.946
11.8234
11.6674
11.4804
11.2668
11.0325
10.7847
10.5316
10.2814
10.0424
9.82121
9.62287
9.44994
9.30252
9.17845
9.07382
8.98364
8.90252
8.82518
8.7469
8.66367
8.57229
8.47035
8.35609
8.22837
8.08647
7.93005
7.75903
7.57354
7.37388
7.16049
6.93392
6.69483
6.44397
6.18216
5.91029
5.62927
5.34003
5.04346
4.74047
4.43193
4.11883
3.80241
3.48438
3.16737
2.85537
2.55431
2.27259
2.02134
1.81424
1.66635
1.59198
1.60174
1.6996
1.88122
2.13422
2.44042
2.77895
3.12913
3.47256
3.79404
4.08187
4.32755
4.52538
4.67207
4.76633
4.80862
4.80102
4.74708
4.65184
4.52178
4.36484
4.19029
4.0086
3.8311
3.66952
3.53534
3.43896
3.3889
3.39098
3.44771
3.55796
3.71708
3.91729
4.14841
4.3988
4.65615
4.90831
5.1438
5.35215
5.52407
5.65143
5.72717
5.74513
5.69983
5.58628
5.39972
5.13537
4.7882
4.35258
3.82195
3.18832
2.44166
1.569
0.553074
-0.629714
-2.01258
-3.64377
-5.59549
-7.97686
-10.9355
-14.4803
-17.13
-15.8419
-13.04
-10.7472
-9.06616
-7.85282
-6.99549
-6.42351
-6.09465
-5.98638
